x			u(x)			v(x)			w(x)			error(u,v)
0.0009990009990		0.008941319949		0.008941245587		0.008941245587		-5.080051567
0.001998001998		0.01778383082		0.01778368292		0.01778368292		-5.080051567
0.002997002997		0.02652851480		0.02652829417		0.02652829417		-5.080051567
0.003996003996		0.03517634432		0.03517605177		0.03517605177		-5.080051567
0.004995004995		0.04372828213		0.04372791846		0.04372791846		-5.080051567
0.005994005994		0.05218528143		0.05218484743		0.05218484743		-5.080051567
0.006993006993		0.06054828594		0.06054778238		0.06054778238		-5.080051567
0.007992007992		0.06881822998		0.06881765764		0.06881765764		-5.080051567
0.008991008991		0.07699603860		0.07699539825		0.07699539825		-5.080051567
0.009990009990		0.08508262766		0.08508192005		0.08508192005		-5.080051567
0.01098901099		0.09307890389		0.09307812979		0.09307812979		-5.080051567
0.01198801199		0.1009857650		0.1009849252		0.1009849252		-5.080051567
0.01298701299		0.1088040999		0.1088031950		0.1088031950		-5.080051567
0.01398601399		0.1165347885		0.1165338193		0.1165338193		-5.080051567
0.01498501499		0.1241787020		0.1241776693		0.1241776693		-5.080051567
0.01598401598		0.1317367030		0.1317356074		0.1317356074		-5.080051567
0.01698301698		0.1392096455		0.1392084878		0.1392084878		-5.080051567
0.01798201798		0.1465983750		0.1465971558		0.1465971558		-5.080051567
0.01898101898		0.1539037286		0.1539024487		0.1539024487		-5.080051567
0.01998001998		0.1611265351		0.1611251951		0.1611251951		-5.080051567
0.02097902098		0.1682676150		0.1682662156		0.1682662156		-5.080051567
0.02197802198		0.1753277807		0.1753263226		0.1753263226		-5.080051567
0.02297702298		0.1823078365		0.1823063203		0.1823063203		-5.080051567
0.02397602398		0.1892085788		0.1892070052		0.1892070052		-5.080051567
0.02497502498		0.1960307958		0.1960291655		0.1960291655		-5.080051567
0.02597402597		0.2027752683		0.2027735819		0.2027735819		-5.080051567
0.02697302697		0.2094427689		0.2094410271		0.2094410271		-5.080051567
0.02797202797		0.2160340629		0.2160322662		0.2160322662		-5.080051567
0.02897102897		0.2225499077		0.2225480568		0.2225480568		-5.080051567
0.02997002997		0.2289910533		0.2289891488		0.2289891488		-5.080051567
0.03096903097		0.2353582422		0.2353562848		0.2353562848		-5.080051567
0.03196803197		0.2416522096		0.2416501999		0.2416501999		-5.080051567
0.03296703297		0.2478736834		0.2478716219		0.2478716219		-5.080051567
0.03396603397		0.2540233841		0.2540212715		0.2540212715		-5.080051567
0.03496503497		0.2601020252		0.2600998620		0.2600998620		-5.080051568
0.03596403596		0.2661103130		0.2661080999		0.2661080999		-5.080051568
0.03696303696		0.2720489469		0.2720466844		0.2720466844		-5.080051568
0.03796203796		0.2779186193		0.2779163079		0.2779163079		-5.080051568
0.03896103896		0.2837200156		0.2837176560		0.2837176560		-5.080051568
0.03996003996		0.2894538145		0.2894514072		0.2894514072		-5.080051568
0.04095904096		0.2951206880		0.2951182336		0.2951182336		-5.080051568
0.04195804196		0.3007213013		0.3007188003		0.3007188003		-5.080051568
0.04295704296		0.3062563131		0.3062537660		0.3062537660		-5.080051568
0.04395604396		0.3117263754		0.3117237829		0.3117237829		-5.080051568
0.04495504496		0.3171321339		0.3171294964		0.3171294964		-5.080051568
0.04595404595		0.3224742278		0.3224715459		0.3224715459		-5.080051568
0.04695304695		0.3277532899		0.3277505641		0.3277505641		-5.080051568
0.04795204795		0.3329699468		0.3329671776		0.3329671776		-5.080051568
0.04895104895		0.3381248188		0.3381220067		0.3381220067		-5.080051568
0.04995004995		0.3432185200		0.3432156656		0.3432156656		-5.080051568
0.05094905095		0.3482516586		0.3482487623		0.3482487623		-5.080051568
0.05194805195		0.3532248364		0.3532218988		0.3532218988		-5.080051568
0.05294705295		0.3581386497		0.3581356711		0.3581356711		-5.080051568
0.05394605395		0.3629936883		0.3629906694		0.3629906694		-5.080051568
0.05494505495		0.3677905367		0.3677874779		0.3677874779		-5.080051568
0.05594405594		0.3725297731		0.3725266749		0.3725266749		-5.080051568
0.05694305694		0.3772119704		0.3772088333		0.3772088333		-5.080051568
0.05794205794		0.3818376954		0.3818345198		0.3818345198		-5.080051568
0.05894105894		0.3864075096		0.3864042959		0.3864042959		-5.080051568
0.05994005994		0.3909219686		0.3909187174		0.3909187174		-5.080051568
0.06093906094		0.3953816228		0.3953783345		0.3953783345		-5.080051568
0.06193806194		0.3997870169		0.3997836920		0.3997836920		-5.080051568
0.06293706294		0.4041386903		0.4041353292		0.4041353292		-5.080051568
0.06393606394		0.4084371769		0.4084337801		0.4084337801		-5.080051568
0.06493506494		0.4126830055		0.4126795734		0.4126795734		-5.080051568
0.06593406593		0.4168766995		0.4168732325		0.4168732325		-5.080051568
0.06693306693		0.4210187771		0.4210152757		0.4210152757		-5.080051568
0.06793206793		0.4251097515		0.4251062160		0.4251062160		-5.080051568
0.06893106893		0.4291501305		0.4291465614		0.4291465614		-5.080051568
0.06993006993		0.4331404172		0.4331368149		0.4331368149		-5.080051568
0.07092907093		0.4370811094		0.4370774744		0.4370774744		-5.080051568
0.07192807193		0.4409727002		0.4409690328		0.4409690328		-5.080051568
0.07292707293		0.4448156776		0.4448119782		0.4448119782		-5.080051568
0.07392607393		0.4486105248		0.4486067939		0.4486067939		-5.080051568
0.07492507493		0.4523577203		0.4523539582		0.4523539582		-5.080051568
0.07592407592		0.4560577378		0.4560539449		0.4560539449		-5.080051568
0.07692307692		0.4597110461		0.4597072229		0.4597072229		-5.080051568
0.07792207792		0.4633181097		0.4633142565		0.4633142565		-5.080051568
0.07892107892		0.4668793882		0.4668755053		0.4668755053		-5.080051568
0.07992007992		0.4703953367		0.4703914246		0.4703914246		-5.080051568
0.08091908092		0.4738664058		0.4738624649		0.4738624649		-5.080051568
0.08191808192		0.4772930417		0.4772890722		0.4772890722		-5.080051568
0.08291708292		0.4806756859		0.4806716883		0.4806716883		-5.080051568
0.08391608392		0.4840147758		0.4840107504		0.4840107504		-5.080051568
0.08491508492		0.4873107444		0.4873066916		0.4873066916		-5.080051568
0.08591408591		0.4905640202		0.4905599404		0.4905599404		-5.080051568
0.08691308691		0.4937750277		0.4937709211		0.4937709211		-5.080051568
0.08791208791		0.4969441870		0.4969400540		0.4969400540		-5.080051568
0.08891108891		0.5000719140		0.5000677551		0.5000677551		-5.080051568
0.08991008991		0.5031586207		0.5031544361		0.5031544361		-5.080051568
0.09090909091		0.5062047148		0.5062005049		0.5062005049		-5.080051568
0.09190809191		0.5092106000		0.5092063651		0.5092063651		-5.080051568
0.09290709291		0.5121766760		0.5121724164		0.5121724164		-5.080051568
0.09390609391		0.5151033384		0.5150990545		0.5150990545		-5.080051568
0.09490509491		0.5179909792		0.5179866712		0.5179866712		-5.080051568
0.09590409590		0.5208399861		0.5208356544		0.5208356544		-5.080051568
0.09690309690		0.5236507431		0.5236463881		0.5236463881		-5.080051568
0.09790209790		0.5264236306		0.5264192526		0.5264192526		-5.080051568
0.09890109890		0.5291590250		0.5291546241		0.5291546241		-5.080051568
0.09990009990		0.5318572988		0.5318528756		0.5318528756		-5.080051568
0.1008991009		0.5345188212		0.5345143758		0.5345143758		-5.080051568
0.1018981019		0.5371439574		0.5371394902		0.5371394902		-5.080051568
0.1028971029		0.5397330692		0.5397285804		0.5397285804		-5.080051568
0.1038961039		0.5422865145		0.5422820045		0.5422820045		-5.080051568
0.1048951049		0.5448046481		0.5448001171		0.5448001171		-5.080051568
0.1058941059		0.5472878208		0.5472832692		0.5472832692		-5.080051568
0.1068931069		0.5497363801		0.5497318082		0.5497318082		-5.080051568
0.1078921079		0.5521506703		0.5521460782		0.5521460782		-5.080051568
0.1088911089		0.5545310318		0.5545264199		0.5545264199		-5.080051568
0.1098901099		0.5568778020		0.5568731706		0.5568731706		-5.080051568
0.1108891109		0.5591913147		0.5591866641		0.5591866641		-5.080051568
0.1118881119		0.5614719006		0.5614672310		0.5614672310		-5.080051568
0.1128871129		0.5637198869		0.5637151987		0.5637151987		-5.080051568
0.1138861139		0.5659355978		0.5659308911		0.5659308911		-5.080051568
0.1148851149		0.5681193540		0.5681146291		0.5681146291		-5.080051568
0.1158841159		0.5702714731		0.5702667304		0.5702667304		-5.080051568
0.1168831169		0.5723922697		0.5723875093		0.5723875093		-5.080051568
0.1178821179		0.5744820551		0.5744772773		0.5744772773		-5.080051568
0.1188811189		0.5765411375		0.5765363427		0.5765363427		-5.080051568
0.1198801199		0.5785698223		0.5785650105		0.5785650105		-5.080051568
0.1208791209		0.5805684114		0.5805635830		0.5805635830		-5.080051568
0.1218781219		0.5825372041		0.5825323594		0.5825323594		-5.080051568
0.1228771229		0.5844764966		0.5844716357		0.5844716357		-5.080051568
0.1238761239		0.5863865821		0.5863817053		0.5863817053		-5.080051568
0.1248751249		0.5882677509		0.5882628585		0.5882628585		-5.080051568
0.1258741259		0.5901202905		0.5901153826		0.5901153826		-5.080051568
0.1268731269		0.5919444854		0.5919395624		0.5919395624		-5.080051568
0.1278721279		0.5937406174		0.5937356795		0.5937356795		-5.080051568
0.1288711289		0.5955089655		0.5955040129		0.5955040129		-5.080051568
0.1298701299		0.5972498059		0.5972448388		0.5972448388		-5.080051568
0.1308691309		0.5989634119		0.5989584305		0.5989584305		-5.080051568
0.1318681319		0.6006500543		0.6006450589		0.6006450589		-5.080051568
0.1328671329		0.6023100011		0.6023049919		0.6023049919		-5.080051568
0.1338661339		0.6039435177		0.6039384949		0.6039384949		-5.080051568
0.1348651349		0.6055508668		0.6055458306		0.6055458306		-5.080051568
0.1358641359		0.6071323085		0.6071272592		0.6071272592		-5.080051568
0.1368631369		0.6086881003		0.6086830381		0.6086830381		-5.080051568
0.1378621379		0.6102184973		0.6102134223		0.6102134223		-5.080051568
0.1388611389		0.6117237517		0.6117186642		0.6117186642		-5.080051568
0.1398601399		0.6132041137		0.6131990139		0.6131990139		-5.080051568
0.1408591409		0.6146598305		0.6146547186		0.6146547186		-5.080051568
0.1418581419		0.6160911473		0.6160860234		0.6160860234		-5.080051568
0.1428571429		0.6174983064		0.6174931709		0.6174931709		-5.080051568
0.1438561439		0.6188815481		0.6188764011		0.6188764011		-5.080051568
0.1448551449		0.6202411101		0.6202359518		0.6202359518		-5.080051568
0.1458541459		0.6215772278		0.6215720584		0.6215720584		-5.080051568
0.1468531469		0.6228901342		0.6228849539		0.6228849539		-5.080051568
0.1478521479		0.6241800601		0.6241748690		0.6241748690		-5.080051568
0.1488511489		0.6254472339		0.6254420322		0.6254420322		-5.080051568
0.1498501499		0.6266918817		0.6266866697		0.6266866697		-5.080051568
0.1508491508		0.6279142274		0.6279090053		0.6279090053		-5.080051568
0.1518481518		0.6291144929		0.6291092607		0.6291092607		-5.080051568
0.1528471528		0.6302928974		0.6302876555		0.6302876555		-5.080051568
0.1538461538		0.6314496584		0.6314444069		0.6314444069		-5.080051568
0.1548451548		0.6325849910		0.6325797300		0.6325797300		-5.080051568
0.1558441558		0.6336991082		0.6336938379		0.6336938379		-5.080051568
0.1568431568		0.6347922208		0.6347869415		0.6347869415		-5.080051568
0.1578421578		0.6358645377		0.6358592495		0.6358592495		-5.080051568
0.1588411588		0.6369162656		0.6369109686		0.6369109686		-5.080051568
0.1598401598		0.6379476091		0.6379423035		0.6379423035		-5.080051568
0.1608391608		0.6389587709		0.6389534569		0.6389534569		-5.080051568
0.1618381618		0.6399499516		0.6399446294		0.6399446294		-5.080051568
0.1628371628		0.6409213498		0.6409160194		0.6409160194		-5.080051568
0.1638361638		0.6418731621		0.6418678238		0.6418678238		-5.080051568
0.1648351648		0.6428055832		0.6428002372		0.6428002372		-5.080051568
0.1658341658		0.6437188059		0.6437134524		0.6437134524		-5.080051568
0.1668331668		0.6446130211		0.6446076601		0.6446076601		-5.080051568
0.1678321678		0.6454884176		0.6454830493		0.6454830493		-5.080051568
0.1688311688		0.6463451825		0.6463398071		0.6463398071		-5.080051568
0.1698301698		0.6471835011		0.6471781187		0.6471781187		-5.080051568
0.1708291708		0.6480035566		0.6479981674		0.6479981674		-5.080051568
0.1718281718		0.6488055307		0.6488001348		0.6488001348		-5.080051568
0.1728271728		0.6495896030		0.6495842006		0.6495842006		-5.080051568
0.1738261738		0.6503559515		0.6503505427		0.6503505427		-5.080051568
0.1748251748		0.6511047525		0.6510993374		0.6510993374		-5.080051568
0.1758241758		0.6518361802		0.6518307591		0.6518307591		-5.080051568
0.1768231768		0.6525504075		0.6525449804		0.6525449804		-5.080051568
0.1778221778		0.6532476052		0.6532421724		0.6532421724		-5.080051568
0.1788211788		0.6539279427		0.6539225042		0.6539225042		-5.080051568
0.1798201798		0.6545915876		0.6545861436		0.6545861436		-5.080051568
0.1808191808		0.6552387058		0.6552332564		0.6552332564		-5.080051568
0.1818181818		0.6558694615		0.6558640069		0.6558640069		-5.080051568
0.1828171828		0.6564840175		0.6564785578		0.6564785578		-5.080051568
0.1838161838		0.6570825347		0.6570770700		0.6570770700		-5.080051568
0.1848151848		0.6576651726		0.6576597030		0.6576597030		-5.080051568
0.1858141858		0.6582320890		0.6582266147		0.6582266147		-5.080051568
0.1868131868		0.6587834402		0.6587779614		0.6587779614		-5.080051568
0.1878121878		0.6593193810		0.6593138977		0.6593138977		-5.080051568
0.1888111888		0.6598400644		0.6598345768		0.6598345768		-5.080051568
0.1898101898		0.6603456423		0.6603401504		0.6603401504		-5.080051568
0.1908091908		0.6608362646		0.6608307686		0.6608307686		-5.080051568
0.1918081918		0.6613120801		0.6613065802		0.6613065802		-5.080051568
0.1928071928		0.6617732360		0.6617677323		0.6617677323		-5.080051567
0.1938061938		0.6622198780		0.6622143705		0.6622143705		-5.080051567
0.1948051948		0.6626521503		0.6626466393		0.6626466393		-5.080051567
0.1958041958		0.6630701959		0.6630646814		0.6630646814		-5.080051567
0.1968031968		0.6634741560		0.6634686382		0.6634686382		-5.080051567
0.1978021978		0.6638641708		0.6638586497		0.6638586497		-5.080051567
0.1988011988		0.6642403789		0.6642348546		0.6642348546		-5.080051567
0.1998001998		0.6646029174		0.6645973901		0.6645973901		-5.080051567
0.2007992008		0.6649519223		0.6649463921		0.6649463921		-5.080051567
0.2017982018		0.6652875281		0.6652819952		0.6652819952		-5.080051567
0.2027972028		0.6656098680		0.6656043324		0.6656043324		-5.080051567
0.2037962038		0.6659190739		0.6659135357		0.6659135357		-5.080051567
0.2047952048		0.6662152762		0.6662097356		0.6662097356		-5.080051567
0.2057942058		0.6664986044		0.6664930614		0.6664930614		-5.080051567
0.2067932068		0.6667691863		0.6667636410		0.6667636410		-5.080051567
0.2077922078		0.6670271486		0.6670216012		0.6670216012		-5.080051567
0.2087912088		0.6672726168		0.6672670674		0.6672670674		-5.080051567
0.2097902098		0.6675057152		0.6675001637		0.6675001637		-5.080051567
0.2107892108		0.6677265665		0.6677210133		0.6677210133		-5.080051567
0.2117882118		0.6679352926		0.6679297377		0.6679297377		-5.080051567
0.2127872128		0.6681320141		0.6681264575		0.6681264575		-5.080051567
0.2137862138		0.6683168502		0.6683112920		0.6683112920		-5.080051567
0.2147852148		0.6684899190		0.6684843595		0.6684843595		-5.080051567
0.2157842158		0.6686513377		0.6686457767		0.6686457767		-5.080051567
0.2167832168		0.6688012219		0.6687956597		0.6687956597		-5.080051567
0.2177822178		0.6689396863		0.6689341229		0.6689341229		-5.080051567
0.2187812188		0.6690668444		0.6690612800		0.6690612800		-5.080051567
0.2197802198		0.6691828086		0.6691772433		0.6691772433		-5.080051567
0.2207792208		0.6692876903		0.6692821240		0.6692821240		-5.080051567
0.2217782218		0.6693815995		0.6693760325		0.6693760325		-5.080051567
0.2227772228		0.6694646453		0.6694590776		0.6694590776		-5.080051566
0.2237762238		0.6695369357		0.6695313674		0.6695313674		-5.080051566
0.2247752248		0.6695985776		0.6695930088		0.6695930088		-5.080051566
0.2257742258		0.6696496769		0.6696441077		0.6696441077		-5.080051566
0.2267732268		0.6696903384		0.6696847688		0.6696847688		-5.080051566
0.2277722278		0.6697206658		0.6697150960		0.6697150960		-5.080051566
0.2287712288		0.6697407618		0.6697351918		0.6697351918		-5.080051566
0.2297702298		0.6697507282		0.6697451581		0.6697451581		-5.080051566
0.2307692308		0.6697506656		0.6697450956		0.6697450956		-5.080051566
0.2317682318		0.6697406738		0.6697351038		0.6697351038		-5.080051566
0.2327672328		0.6697208514		0.6697152815		0.6697152815		-5.080051566
0.2337662338		0.6696912961		0.6696857265		0.6696857265		-5.080051566
0.2347652348		0.6696521047		0.6696465354		0.6696465354		-5.080051566
0.2357642358		0.6696033730		0.6695978041		0.6695978041		-5.080051566
0.2367632368		0.6695451958		0.6695396274		0.6695396274		-5.080051566
0.2377622378		0.6694776670		0.6694720992		0.6694720992		-5.080051566
0.2387612388		0.6694008796		0.6693953124		0.6693953124		-5.080051566
0.2397602398		0.6693149255		0.6693093591		0.6693093591		-5.080051566
0.2407592408		0.6692198960		0.6692143303		0.6692143303		-5.080051566
0.2417582418		0.6691158812		0.6691103164		0.6691103164		-5.080051565
0.2427572428		0.6690029704		0.6689974066		0.6689974066		-5.080051565
0.2437562438		0.6688812521		0.6688756893		0.6688756893		-5.080051565
0.2447552448		0.6687508139		0.6687452521		0.6687452521		-5.080051565
0.2457542458		0.6686117423		0.6686061817		0.6686061817		-5.080051565
0.2467532468		0.6684641232		0.6684585638		0.6684585638		-5.080051565
0.2477522478		0.6683080416		0.6683024836		0.6683024836		-5.080051565
0.2487512488		0.6681435817		0.6681380249		0.6681380249		-5.080051565
0.2497502498		0.6679708266		0.6679652713		0.6679652713		-5.080051565
0.2507492507		0.6677898588		0.6677843050		0.6677843050		-5.080051565
0.2517482517		0.6676007600		0.6675952078		0.6675952078		-5.080051565
0.2527472527		0.6674036110		0.6673980605		0.6673980605		-5.080051565
0.2537462537		0.6671984919		0.6671929430		0.6671929430		-5.080051565
0.2547452547		0.6669854818		0.6669799347		0.6669799347		-5.080051565
0.2557442557		0.6667646591		0.6667591139		0.6667591139		-5.080051565
0.2567432567		0.6665361016		0.6665305583		0.6665305583		-5.080051565
0.2577422577		0.6662998862		0.6662943448		0.6662943448		-5.080051565
0.2587412587		0.6660560889		0.6660505495		0.6660505495		-5.080051565
0.2597402597		0.6658047851		0.6657992478		0.6657992478		-5.080051565
0.2607392607		0.6655460494		0.6655405143		0.6655405143		-5.080051565
0.2617382617		0.6652799558		0.6652744229		0.6652744229		-5.080051565
0.2627372627		0.6650065773		0.6650010467		0.6650010467		-5.080051565
0.2637362637		0.6647259864		0.6647204581		0.6647204581		-5.080051565
0.2647352647		0.6644382547		0.6644327288		0.6644327288		-5.080051564
0.2657342657		0.6641434533		0.6641379298		0.6641379298		-5.080051564
0.2667332667		0.6638416523		0.6638361314		0.6638361314		-5.080051564
0.2677322677		0.6635329215		0.6635274031		0.6635274031		-5.080051564
0.2687312687		0.6632173296		0.6632118139		0.6632118139		-5.080051564
0.2697302697		0.6628949450		0.6628894319		0.6628894319		-5.080051564
0.2707292707		0.6625658350		0.6625603246		0.6625603246		-5.080051564
0.2717282717		0.6622300665		0.6622245590		0.6622245590		-5.080051564
0.2727272727		0.6618877058		0.6618822012		0.6618822012		-5.080051564
0.2737262737		0.6615388184		0.6615333166		0.6615333166		-5.080051564
0.2747252747		0.6611834691		0.6611779703		0.6611779703		-5.080051564
0.2757242757		0.6608217222		0.6608162264		0.6608162264		-5.080051564
0.2767232767		0.6604536413		0.6604481485		0.6604481485		-5.080051564
0.2777222777		0.6600792892		0.6600737996		0.6600737996		-5.080051564
0.2787212787		0.6596987285		0.6596932420		0.6596932420		-5.080051564
0.2797202797		0.6593120207		0.6593065375		0.6593065375		-5.080051564
0.2807192807		0.6589192271		0.6589137471		0.6589137471		-5.080051564
0.2817182817		0.6585204080		0.6585149313		0.6585149313		-5.080051564
0.2827172827		0.6581156234		0.6581101500		0.6581101500		-5.080051564
0.2837162837		0.6577049325		0.6576994626		0.6576994626		-5.080051564
0.2847152847		0.6572883942		0.6572829277		0.6572829277		-5.080051564
0.2857142857		0.6568660664		0.6568606035		0.6568606035		-5.080051564
0.2867132867		0.6564380068		0.6564325475		0.6564325475		-5.080051564
0.2877122877		0.6560042724		0.6559988166		0.6559988166		-5.080051564
0.2887112887		0.6555649195		0.6555594674		0.6555594674		-5.080051564
0.2897102897		0.6551200040		0.6551145556		0.6551145556		-5.080051564
0.2907092907		0.6546695812		0.6546641365		0.6546641365		-5.080051564
0.2917082917		0.6542137058		0.6542082649		0.6542082649		-5.080051564
0.2927072927		0.6537524320		0.6537469950		0.6537469950		-5.080051564
0.2937062937		0.6532858136		0.6532803804		0.6532803804		-5.080051564
0.2947052947		0.6528139035		0.6528084743		0.6528084743		-5.080051564
0.2957042957		0.6523367545		0.6523313293		0.6523313293		-5.080051563
0.2967032967		0.6518544186		0.6518489974		0.6518489974		-5.080051563
0.2977022977		0.6513669474		0.6513615302		0.6513615302		-5.080051563
0.2987012987		0.6508743918		0.6508689787		0.6508689787		-5.080051563
0.2997002997		0.6503768025		0.6503713935		0.6503713935		-5.080051563
0.3006993007		0.6498742295		0.6498688247		0.6498688247		-5.080051563
0.3016983017		0.6493667223		0.6493613217		0.6493613217		-5.080051563
0.3026973027		0.6488543299		0.6488489336		0.6488489336		-5.080051563
0.3036963037		0.6483371010		0.6483317090		0.6483317090		-5.080051563
0.3046953047		0.6478150836		0.6478096959		0.6478096959		-5.080051563
0.3056943057		0.6472883253		0.6472829420		0.6472829420		-5.080051563
0.3066933067		0.6467568732		0.6467514943		0.6467514943		-5.080051563
0.3076923077		0.6462207740		0.6462153996		0.6462153996		-5.080051563
0.3086913087		0.6456800739		0.6456747040		0.6456747040		-5.080051563
0.3096903097		0.6451348186		0.6451294532		0.6451294532		-5.080051563
0.3106893107		0.6445850534		0.6445796926		0.6445796926		-5.080051563
0.3116883117		0.6440308231		0.6440254669		0.6440254669		-5.080051563
0.3126873127		0.6434721721		0.6434668206		0.6434668206		-5.080051563
0.3136863137		0.6429091444		0.6429037975		0.6429037975		-5.080051563
0.3146853147		0.6423417834		0.6423364413		0.6423364413		-5.080051563
0.3156843157		0.6417701322		0.6417647949		0.6417647949		-5.080051563
0.3166833167		0.6411942336		0.6411889010		0.6411889010		-5.080051563
0.3176823177		0.6406141296		0.6406088018		0.6406088018		-5.080051563
0.3186813187		0.6400298621		0.6400245392		0.6400245392		-5.080051562
0.3196803197		0.6394414726		0.6394361545		0.6394361545		-5.080051562
0.3206793207		0.6388490018		0.6388436887		0.6388436887		-5.080051562
0.3216783217		0.6382524905		0.6382471824		0.6382471824		-5.080051562
0.3226773227		0.6376519788		0.6376466757		0.6376466757		-5.080051562
0.3236763237		0.6370475065		0.6370422084		0.6370422084		-5.080051562
0.3246753247		0.6364391129		0.6364338198		0.6364338198		-5.080051562
0.3256743257		0.6358268369		0.6358215490		0.6358215490		-5.080051562
0.3266733267		0.6352107173		0.6352054345		0.6352054345		-5.080051562
0.3276723277		0.6345907922		0.6345855145		0.6345855145		-5.080051562
0.3286713287		0.6339670994		0.6339618269		0.6339618269		-5.080051562
0.3296703297		0.6333396764		0.6333344092		0.6333344092		-5.080051562
0.3306693307		0.6327085603		0.6327032983		0.6327032983		-5.080051562
0.3316683317		0.6320737877		0.6320685310		0.6320685310		-5.080051562
0.3326673327		0.6314353951		0.6314301437		0.6314301437		-5.080051562
0.3336663337		0.6307934184		0.6307881723		0.6307881723		-5.080051562
0.3346653347		0.6301478932		0.6301426524		0.6301426524		-5.080051562
0.3356643357		0.6294988548		0.6294936194		0.6294936194		-5.080051562
0.3366633367		0.6288463381		0.6288411082		0.6288411082		-5.080051562
0.3376623377		0.6281903777		0.6281851533		0.6281851533		-5.080051562
0.3386613387		0.6275310079		0.6275257889		0.6275257889		-5.080051562
0.3396603397		0.6268682624		0.6268630490		0.6268630490		-5.080051562
0.3406593407		0.6262021750		0.6261969671		0.6261969671		-5.080051562
0.3416583417		0.6255327788		0.6255275764		0.6255275764		-5.080051562
0.3426573427		0.6248601066		0.6248549099		0.6248549099		-5.080051561
0.3436563437		0.6241841911		0.6241790000		0.6241790000		-5.080051561
0.3446553447		0.6235050645		0.6234998790		0.6234998790		-5.080051561
0.3456543457		0.6228227587		0.6228175789		0.6228175789		-5.080051561
0.3466533467		0.6221373053		0.6221321312		0.6221321312		-5.080051561
0.3476523477		0.6214487356		0.6214435673		0.6214435673		-5.080051561
0.3486513487		0.6207570806		0.6207519180		0.6207519180		-5.080051561
0.3496503497		0.6200623710		0.6200572141		0.6200572141		-5.080051561
0.3506493506		0.6193646370		0.6193594860		0.6193594860		-5.080051561
0.3516483516		0.6186639088		0.6186587636		0.6186587636		-5.080051561
0.3526473526		0.6179602162		0.6179550768		0.6179550768		-5.080051561
0.3536463536		0.6172535886		0.6172484551		0.6172484551		-5.080051561
0.3546453546		0.6165440551		0.6165389275		0.6165389275		-5.080051561
0.3556443556		0.6158316447		0.6158265231		0.6158265231		-5.080051561
0.3566433566		0.6151163860		0.6151112703		0.6151112703		-5.080051561
0.3576423576		0.6143983072		0.6143931975		0.6143931975		-5.080051561
0.3586413586		0.6136774365		0.6136723328		0.6136723328		-5.080051561
0.3596403596		0.6129538015		0.6129487038		0.6129487038		-5.080051561
0.3606393606		0.6122274298		0.6122223381		0.6122223381		-5.080051560
0.3616383616		0.6114983484		0.6114932628		0.6114932628		-5.080051560
0.3626373626		0.6107665845		0.6107615050		0.6107615050		-5.080051560
0.3636363636		0.6100321646		0.6100270912		0.6100270912		-5.080051560
0.3646353646		0.6092951152		0.6092900479		0.6092900479		-5.080051560
0.3656343656		0.6085554623		0.6085504011		0.6085504011		-5.080051560
0.3666333666		0.6078132319		0.6078081769		0.6078081769		-5.080051560
0.3676323676		0.6070684495		0.6070634008		0.6070634008		-5.080051560
0.3686313686		0.6063211407		0.6063160981		0.6063160981		-5.080051560
0.3696303696		0.6055713303		0.6055662940		0.6055662940		-5.080051560
0.3706293706		0.6048190434		0.6048140134		0.6048140134		-5.080051560
0.3716283716		0.6040643046		0.6040592808		0.6040592808		-5.080051560
0.3726273726		0.6033071381		0.6033021206		0.6033021206		-5.080051560
0.3736263736		0.6025475683		0.6025425571		0.6025425571		-5.080051560
0.3746253746		0.6017856188		0.6017806140		0.6017806140		-5.080051560
0.3756243756		0.6010213135		0.6010163150		0.6010163150		-5.080051560
0.3766233766		0.6002546756		0.6002496835		0.6002496835		-5.080051560
0.3776223776		0.5994857285		0.5994807427		0.5994807427		-5.080051559
0.3786213786		0.5987144950		0.5987095157		0.5987095157		-5.080051559
0.3796203796		0.5979409979		0.5979360250		0.5979360250		-5.080051559
0.3806193806		0.5971652596		0.5971602932		0.5971602932		-5.080051559
0.3816183816		0.5963873025		0.5963823426		0.5963823426		-5.080051559
0.3826173826		0.5956071487		0.5956021952		0.5956021952		-5.080051559
0.3836163836		0.5948248199		0.5948198729		0.5948198729		-5.080051559
0.3846153846		0.5940403377		0.5940353973		0.5940353973		-5.080051559
0.3856143856		0.5932537237		0.5932487898		0.5932487898		-5.080051559
0.3866133866		0.5924649988		0.5924600715		0.5924600715		-5.080051559
0.3876123876		0.5916741843		0.5916692635		0.5916692635		-5.080051559
0.3886113886		0.5908813008		0.5908763866		0.5908763866		-5.080051559
0.3896103896		0.5900863688		0.5900814613		0.5900814613		-5.080051559
0.3906093906		0.5892894088		0.5892845079		0.5892845079		-5.080051559
0.3916083916		0.5884904409		0.5884855466		0.5884855466		-5.080051559
0.3926073926		0.5876894851		0.5876845975		0.5876845975		-5.080051558
0.3936063936		0.5868865611		0.5868816802		0.5868816802		-5.080051558
0.3946053946		0.5860816885		0.5860768142		0.5860768142		-5.080051558
0.3956043956		0.5852748866		0.5852700191		0.5852700191		-5.080051558
0.3966033966		0.5844661747		0.5844613139		0.5844613139		-5.080051558
0.3976023976		0.5836555717		0.5836507177		0.5836507177		-5.080051558
0.3986013986		0.5828430965		0.5828382492		0.5828382492		-5.080051558
0.3996003996		0.5820287675		0.5820239270		0.5820239270		-5.080051558
0.4005994006		0.5812126034		0.5812077696		0.5812077696		-5.080051558
0.4015984016		0.5803946222		0.5803897953		0.5803897953		-5.080051558
0.4025974026		0.5795748421		0.5795700220		0.5795700220		-5.080051558
0.4035964036		0.5787532810		0.5787484677		0.5787484677		-5.080051558
0.4045954046		0.5779299564		0.5779251500		0.5779251500		-5.080051558
0.4055944056		0.5771048861		0.5771000865		0.5771000865		-5.080051557
0.4065934066		0.5762780873		0.5762732946		0.5762732946		-5.080051557
0.4075924076		0.5754495772		0.5754447914		0.5754447914		-5.080051557
0.4085914086		0.5746193729		0.5746145940		0.5746145940		-5.080051557
0.4095904096		0.5737874911		0.5737827191		0.5737827191		-5.080051557
0.4105894106		0.5729539485		0.5729491835		0.5729491835		-5.080051557
0.4115884116		0.5721187617		0.5721140036		0.5721140036		-5.080051557
0.4125874126		0.5712819470		0.5712771959		0.5712771959		-5.080051557
0.4135864136		0.5704435206		0.5704387764		0.5704387764		-5.080051557
0.4145854146		0.5696034984		0.5695987612		0.5695987612		-5.080051557
0.4155844156		0.5687618965		0.5687571663		0.5687571663		-5.080051557
0.4165834166		0.5679187303		0.5679140071		0.5679140071		-5.080051557
0.4175824176		0.5670740156		0.5670692995		0.5670692995		-5.080051557
0.4185814186		0.5662277677		0.5662230586		0.5662230586		-5.080051557
0.4195804196		0.5653800018		0.5653752998		0.5653752998		-5.080051556
0.4205794206		0.5645307331		0.5645260381		0.5645260381		-5.080051556
0.4215784216		0.5636799764		0.5636752885		0.5636752885		-5.080051556
0.4225774226		0.5628277466		0.5628230658		0.5628230658		-5.080051556
0.4235764236		0.5619740583		0.5619693846		0.5619693846		-5.080051556
0.4245754246		0.5611189260		0.5611142594		0.5611142594		-5.080051556
0.4255744256		0.5602623641		0.5602577046		0.5602577046		-5.080051556
0.4265734266		0.5594043867		0.5593997343		0.5593997343		-5.080051556
0.4275724276		0.5585450080		0.5585403628		0.5585403628		-5.080051556
0.4285714286		0.5576842418		0.5576796037		0.5576796037		-5.080051556
0.4295704296		0.5568221020		0.5568174711		0.5568174711		-5.080051556
0.4305694306		0.5559586022		0.5559539785		0.5559539785		-5.080051556
0.4315684316		0.5550937559		0.5550891394		0.5550891394		-5.080051556
0.4325674326		0.5542275766		0.5542229673		0.5542229673		-5.080051556
0.4335664336		0.5533600774		0.5533554753		0.5533554753		-5.080051556
0.4345654346		0.5524912715		0.5524866766		0.5524866766		-5.080051556
0.4355644356		0.5516211719		0.5516165842		0.5516165842		-5.080051555
0.4365634366		0.5507497914		0.5507452110		0.5507452110		-5.080051555
0.4375624376		0.5498771428		0.5498725696		0.5498725696		-5.080051555
0.4385614386		0.5490032386		0.5489986728		0.5489986728		-5.080051555
0.4395604396		0.5481280914		0.5481235328		0.5481235328		-5.080051555
0.4405594406		0.5472517136		0.5472471623		0.5472471623		-5.080051555
0.4415584416		0.5463741172		0.5463695732		0.5463695732		-5.080051555
0.4425574426		0.5454953145		0.5454907778		0.5454907778		-5.080051555
0.4435564436		0.5446153175		0.5446107881		0.5446107881		-5.080051555
0.4445554446		0.5437341380		0.5437296159		0.5437296159		-5.080051555
0.4455544456		0.5428517877		0.5428472730		0.5428472730		-5.080051555
0.4465534466		0.5419682784		0.5419637710		0.5419637710		-5.080051555
0.4475524476		0.5410836215		0.5410791215		0.5410791215		-5.080051555
0.4485514486		0.5401978284		0.5401933358		0.5401933358		-5.080051555
0.4495504496		0.5393109105		0.5393064252		0.5393064252		-5.080051555
0.4505494505		0.5384228789		0.5384184010		0.5384184010		-5.080051554
0.4515484515		0.5375337447		0.5375292742		0.5375292742		-5.080051554
0.4525474525		0.5366435188		0.5366390557		0.5366390557		-5.080051554
0.4535464535		0.5357522121		0.5357477564		0.5357477564		-5.080051554
0.4545454545		0.5348598353		0.5348553871		0.5348553871		-5.080051554
0.4555444555		0.5339663991		0.5339619583		0.5339619583		-5.080051554
0.4565434565		0.5330719141		0.5330674807		0.5330674807		-5.080051554
0.4575424575		0.5321763905		0.5321719646		0.5321719646		-5.080051554
0.4585414585		0.5312798389		0.5312754204		0.5312754204		-5.080051554
0.4595404595		0.5303822693		0.5303778583		0.5303778583		-5.080051554
0.4605394605		0.5294836919		0.5294792883		0.5294792883		-5.080051554
0.4615384615		0.5285841167		0.5285797206		0.5285797206		-5.080051553
0.4625374625		0.5276835536		0.5276791650		0.5276791650		-5.080051553
0.4635364635		0.5267820125		0.5267776314		0.5267776314		-5.080051553
0.4645354645		0.5258795031		0.5258751295		0.5258751295		-5.080051553
0.4655344655		0.5249760349		0.5249716689		0.5249716689		-5.080051553
0.4665334665		0.5240716176		0.5240672591		0.5240672591		-5.080051553
0.4675324675		0.5231662605		0.5231619096		0.5231619096		-5.080051553
0.4685314685		0.5222599731		0.5222556296		0.5222556296		-5.080051553
0.4695304695		0.5213527645		0.5213484286		0.5213484286		-5.080051553
0.4705294705		0.5204446439		0.5204403156		0.5204403156		-5.080051553
0.4715284715		0.5195356204		0.5195312996		0.5195312996		-5.080051553
0.4725274725		0.5186257030		0.5186213897		0.5186213897		-5.080051552
0.4735264735		0.5177149004		0.5177105948		0.5177105948		-5.080051552
0.4745254745		0.5168032216		0.5167989236		0.5167989236		-5.080051552
0.4755244755		0.5158906753		0.5158863848		0.5158863848		-5.080051552
0.4765234765		0.5149772700		0.5149729871		0.5149729871		-5.080051552
0.4775224775		0.5140630143		0.5140587391		0.5140587391		-5.080051552
0.4785214785		0.5131479167		0.5131436490		0.5131436490		-5.080051552
0.4795204795		0.5122319855		0.5122277255		0.5122277255		-5.080051552
0.4805194805		0.5113152291		0.5113109766		0.5113109766		-5.080051552
0.4815184815		0.5103976555		0.5103934107		0.5103934107		-5.080051552
0.4825174825		0.5094792730		0.5094750358		0.5094750358		-5.080051552
0.4835164835		0.5085600896		0.5085558600		0.5085558600		-5.080051551
0.4845154845		0.5076401132		0.5076358913		0.5076358913		-5.080051551
0.4855144855		0.5067193517		0.5067151375		0.5067151375		-5.080051551
0.4865134865		0.5057978130		0.5057936064		0.5057936064		-5.080051551
0.4875124875		0.5048755047		0.5048713058		0.5048713058		-5.080051551
0.4885114885		0.5039524345		0.5039482433		0.5039482433		-5.080051551
0.4895104895		0.5030286100		0.5030244265		0.5030244265		-5.080051551
0.4905094905		0.5021040387		0.5020998628		0.5020998628		-5.080051551
0.4915084915		0.5011787279		0.5011745598		0.5011745598		-5.080051551
0.4925074925		0.5002526852		0.5002485247		0.5002485247		-5.080051551
0.4935064935		0.4993259176		0.4993217649		0.4993217649		-5.080051551
0.4945054945		0.4983984325		0.4983942875		0.4983942875		-5.080051551
0.4955044955		0.4974702369		0.4974660996		0.4974660996		-5.080051551
0.4965034965		0.4965413380		0.4965372084		0.4965372084		-5.080051551
0.4975024975		0.4956117427		0.4956076208		0.4956076208		-5.080051551
0.4985014985		0.4946814579		0.4946773438		0.4946773438		-5.080051551
0.4995004995		0.4937504905		0.4937463842		0.4937463842		-5.080051551
0.5004995005		0.4928188473		0.4928147487		0.4928147487		-5.080051551
0.5014985015		0.4918865350		0.4918824441		0.4918824441		-5.080051551
0.5024975025		0.4909535602		0.4909494771		0.4909494771		-5.080051551
0.5034965035		0.4900199296		0.4900158543		0.4900158543		-5.080051550
0.5044955045		0.4890856496		0.4890815821		0.4890815821		-5.080051550
0.5054945055		0.4881507267		0.4881466670		0.4881466670		-5.080051550
0.5064935065		0.4872151674		0.4872111154		0.4872111154		-5.080051550
0.5074925075		0.4862789778		0.4862749336		0.4862749336		-5.080051550
0.5084915085		0.4853421643		0.4853381279		0.4853381279		-5.080051550
0.5094905095		0.4844047332		0.4844007045		0.4844007045		-5.080051550
0.5104895105		0.4834666904		0.4834626696		0.4834626696		-5.080051550
0.5114885115		0.4825280422		0.4825240292		0.4825240292		-5.080051550
0.5124875125		0.4815887945		0.4815847893		0.4815847893		-5.080051550
0.5134865135		0.4806489532		0.4806449559		0.4806449559		-5.080051550
0.5144855145		0.4797085244		0.4797045348		0.4797045348		-5.080051550
0.5154845155		0.4787675138		0.4787635321		0.4787635321		-5.080051550
0.5164835165		0.4778259272		0.4778219533		0.4778219533		-5.080051550
0.5174825175		0.4768837703		0.4768798043		0.4768798043		-5.080051550
0.5184815185		0.4759410489		0.4759370906		0.4759370906		-5.080051550
0.5194805195		0.4749977684		0.4749938180		0.4749938180		-5.080051550
0.5204795205		0.4740539346		0.4740499920		0.4740499920		-5.080051550
0.5214785215		0.4731095528		0.4731056181		0.4731056181		-5.080051550
0.5224775225		0.4721646285		0.4721607017		0.4721607017		-5.080051550
0.5234765235		0.4712191671		0.4712152482		0.4712152482		-5.080051550
0.5244755245		0.4702731740		0.4702692629		0.4702692629		-5.080051550
0.5254745255		0.4693266545		0.4693227512		0.4693227512		-5.080051550
0.5264735265		0.4683796137		0.4683757183		0.4683757183		-5.080051550
0.5274725275		0.4674320568		0.4674281693		0.4674281693		-5.080051550
0.5284715285		0.4664839890		0.4664801095		0.4664801095		-5.080051550
0.5294705295		0.4655354154		0.4655315437		0.4655315437		-5.080051550
0.5304695305		0.4645863410		0.4645824772		0.4645824772		-5.080051550
0.5314685315		0.4636367708		0.4636329149		0.4636329149		-5.080051550
0.5324675325		0.4626867096		0.4626828616		0.4626828616		-5.080051550
0.5334665335		0.4617361624		0.4617323223		0.4617323223		-5.080051550
0.5344655345		0.4607851341		0.4607813019		0.4607813019		-5.080051550
0.5354645355		0.4598336293		0.4598298050		0.4598298050		-5.080051550
0.5364635365		0.4588816528		0.4588778365		0.4588778365		-5.080051550
0.5374625375		0.4579292094		0.4579254009		0.4579254009		-5.080051550
0.5384615385		0.4569763036		0.4569725031		0.4569725031		-5.080051550
0.5394605395		0.4560229401		0.4560191475		0.4560191475		-5.080051550
0.5404595405		0.4550691233		0.4550653387		0.4550653387		-5.080051550
0.5414585415		0.4541148579		0.4541110812		0.4541110812		-5.080051550
0.5424575425		0.4531601482		0.4531563795		0.4531563795		-5.080051550
0.5434565435		0.4522049988		0.4522012379		0.4522012379		-5.080051550
0.5444555445		0.4512494138		0.4512456610		0.4512456610		-5.080051550
0.5454545455		0.4502933978		0.4502896529		0.4502896529		-5.080051550
0.5464535465		0.4493369549		0.4493332179		0.4493332179		-5.080051550
0.5474525475		0.4483800895		0.4483763604		0.4483763604		-5.080051550
0.5484515485		0.4474228056		0.4474190846		0.4474190846		-5.080051550
0.5494505495		0.4464651075		0.4464613944		0.4464613944		-5.080051550
0.5504495504		0.4455069993		0.4455032942		0.4455032942		-5.080051550
0.5514485514		0.4445484851		0.4445447880		0.4445447880		-5.080051550
0.5524475524		0.4435895689		0.4435858797		0.4435858797		-5.080051550
0.5534465534		0.4426302547		0.4426265735		0.4426265735		-5.080051550
0.5544455544		0.4416705464		0.4416668732		0.4416668732		-5.080051550
0.5554445554		0.4407104480		0.4407067828		0.4407067828		-5.080051550
0.5564435564		0.4397499633		0.4397463061		0.4397463061		-5.080051550
0.5574425574		0.4387890963		0.4387854470		0.4387854470		-5.080051550
0.5584415584		0.4378278506		0.4378242093		0.4378242093		-5.080051550
0.5594405594		0.4368662301		0.4368625968		0.4368625968		-5.080051550
0.5604395604		0.4359042384		0.4359006132		0.4359006132		-5.080051550
0.5614385614		0.4349418794		0.4349382621		0.4349382621		-5.080051550
0.5624375624		0.4339791565		0.4339755472		0.4339755472		-5.080051550
0.5634365634		0.4330160735		0.4330124722		0.4330124722		-5.080051550
0.5644355644		0.4320526339		0.4320490406		0.4320490406		-5.080051550
0.5654345654		0.4310888412		0.4310852560		0.4310852560		-5.080051550
0.5664335664		0.4301246991		0.4301211219		0.4301211219		-5.080051550
0.5674325674		0.4291602108		0.4291566416		0.4291566416		-5.080051550
0.5684315684		0.4281953800		0.4281918188		0.4281918188		-5.080051550
0.5694305694		0.4272302099		0.4272266568		0.4272266568		-5.080051550
0.5704295704		0.4262647040		0.4262611589		0.4262611589		-5.080051550
0.5714285714		0.4252988656		0.4252953286		0.4252953286		-5.080051550
0.5724275724		0.4243326980		0.4243291690		0.4243291690		-5.080051551
0.5734265734		0.4233662045		0.4233626835		0.4233626835		-5.080051551
0.5744255744		0.4223993883		0.4223958754		0.4223958754		-5.080051551
0.5754245754		0.4214322527		0.4214287478		0.4214287478		-5.080051551
0.5764235764		0.4204648007		0.4204613038		0.4204613038		-5.080051551
0.5774225774		0.4194970356		0.4194935468		0.4194935468		-5.080051551
0.5784215784		0.4185289604		0.4185254797		0.4185254797		-5.080051551
0.5794205794		0.4175605783		0.4175571056		0.4175571056		-5.080051551
0.5804195804		0.4165918923		0.4165884276		0.4165884276		-5.080051551
0.5814185814		0.4156229053		0.4156194487		0.4156194487		-5.080051551
0.5824175824		0.4146536205		0.4146501720		0.4146501720		-5.080051551
0.5834165834		0.4136840408		0.4136806003		0.4136806003		-5.080051551
0.5844155844		0.4127141690		0.4127107366		0.4127107366		-5.080051551
0.5854145854		0.4117440081		0.4117405838		0.4117405838		-5.080051551
0.5864135864		0.4107735610		0.4107701448		0.4107701448		-5.080051551
0.5874125874		0.4098028306		0.4097994224		0.4097994224		-5.080051551
0.5884115884		0.4088318195		0.4088284194		0.4088284194		-5.080051551
0.5894105894		0.4078605307		0.4078571387		0.4078571387		-5.080051551
0.5904095904		0.4068889669		0.4068855829		0.4068855829		-5.080051551
0.5914085914		0.4059171308		0.4059137549		0.4059137549		-5.080051551
0.5924075924		0.4049450251		0.4049416573		0.4049416573		-5.080051551
0.5934065934		0.4039726525		0.4039692928		0.4039692928		-5.080051551
0.5944055944		0.4030000157		0.4029966641		0.4029966641		-5.080051551
0.5954045954		0.4020271172		0.4020237737		0.4020237737		-5.080051551
0.5964035964		0.4010539598		0.4010506243		0.4010506243		-5.080051551
0.5974025974		0.4000805459		0.4000772185		0.4000772185		-5.080051551
0.5984015984		0.3991068781		0.3991035588		0.3991035588		-5.080051551
0.5994005994		0.3981329589		0.3981296478		0.3981296478		-5.080051551
0.6003996004		0.3971587909		0.3971554878		0.3971554878		-5.080051551
0.6013986014		0.3961843764		0.3961810815		0.3961810815		-5.080051551
0.6023976024		0.3952097181		0.3952064312		0.3952064312		-5.080051551
0.6033966034		0.3942348182		0.3942315395		0.3942315395		-5.080051551
0.6043956044		0.3932596791		0.3932564085		0.3932564085		-5.080051551
0.6053946054		0.3922843034		0.3922810409		0.3922810409		-5.080051551
0.6063936064		0.3913086932		0.3913054389		0.3913054389		-5.080051551
0.6073926074		0.3903328510		0.3903296048		0.3903296048		-5.080051551
0.6083916084		0.3893567791		0.3893535409		0.3893535409		-5.080051551
0.6093906094		0.3883804796		0.3883772496		0.3883772496		-5.080051551
0.6103896104		0.3874039550		0.3874007331		0.3874007331		-5.080051551
0.6113886114		0.3864272074		0.3864239936		0.3864239936		-5.080051551
0.6123876124		0.3854502390		0.3854470333		0.3854470333		-5.080051551
0.6133866134		0.3844730521		0.3844698545		0.3844698545		-5.080051551
0.6143856144		0.3834956488		0.3834924594		0.3834924594		-5.080051551
0.6153846154		0.3825180312		0.3825148499		0.3825148499		-5.080051551
0.6163836164		0.3815402015		0.3815370284		0.3815370284		-5.080051551
0.6173826174		0.3805621619		0.3805589969		0.3805589969		-5.080051551
0.6183816184		0.3795839143		0.3795807575		0.3795807575		-5.080051551
0.6193806194		0.3786054609		0.3786023122		0.3786023122		-5.080051551
0.6203796204		0.3776268037		0.3776236631		0.3776236631		-5.080051551
0.6213786214		0.3766479447		0.3766448123		0.3766448123		-5.080051551
0.6223776224		0.3756688860		0.3756657617		0.3756657617		-5.080051551
0.6233766234		0.3746896294		0.3746865133		0.3746865133		-5.080051551
0.6243756244		0.3737101771		0.3737070691		0.3737070691		-5.080051552
0.6253746254		0.3727305309		0.3727274310		0.3727274310		-5.080051552
0.6263736264		0.3717506927		0.3717476010		0.3717476010		-5.080051552
0.6273726274		0.3707706646		0.3707675810		0.3707675810		-5.080051552
0.6283716284		0.3697904482		0.3697873728		0.3697873728		-5.080051552
0.6293706294		0.3688100456		0.3688069784		0.3688069784		-5.080051552
0.6303696304		0.3678294586		0.3678263995		0.3678263995		-5.080051552
0.6313686314		0.3668486890		0.3668456380		0.3668456380		-5.080051552
0.6323676324		0.3658677386		0.3658646958		0.3658646958		-5.080051552
0.6333666334		0.3648866092		0.3648835746		0.3648835746		-5.080051552
0.6343656344		0.3639053027		0.3639022762		0.3639022762		-5.080051552
0.6353646354		0.3629238207		0.3629208024		0.3629208024		-5.080051552
0.6363636364		0.3619421650		0.3619391548		0.3619391548		-5.080051552
0.6373626374		0.3609603373		0.3609573353		0.3609573353		-5.080051552
0.6383616384		0.3599783394		0.3599753456		0.3599753456		-5.080051552
0.6393606394		0.3589961729		0.3589931873		0.3589931873		-5.080051552
0.6403596404		0.3580138395		0.3580108621		0.3580108621		-5.080051552
0.6413586414		0.3570313409		0.3570283716		0.3570283716		-5.080051552
0.6423576424		0.3560486788		0.3560457176		0.3560457176		-5.080051552
0.6433566434		0.3550658546		0.3550629017		0.3550629017		-5.080051552
0.6443556444		0.3540828701		0.3540799253		0.3540799253		-5.080051552
0.6453546454		0.3530997269		0.3530967902		0.3530967902		-5.080051552
0.6463536464		0.3521164264		0.3521134980		0.3521134980		-5.080051552
0.6473526474		0.3511329704		0.3511300501		0.3511300501		-5.080051552
0.6483516484		0.3501493602		0.3501464482		0.3501464482		-5.080051552
0.6493506494		0.3491655976		0.3491626937		0.3491626937		-5.080051552
0.6503496503		0.3481816839		0.3481787882		0.3481787882		-5.080051552
0.6513486513		0.3471976207		0.3471947332		0.3471947332		-5.080051552
0.6523476523		0.3462134094		0.3462105301		0.3462105301		-5.080051552
0.6533466533		0.3452290516		0.3452261805		0.3452261805		-5.080051552
0.6543456543		0.3442445487		0.3442416858		0.3442416858		-5.080051552
0.6553446553		0.3432599021		0.3432570474		0.3432570474		-5.080051552
0.6563436563		0.3422751133		0.3422722667		0.3422722667		-5.080051552
0.6573426573		0.3412901837		0.3412873453		0.3412873453		-5.080051552
0.6583416583		0.3403051146		0.3403022844		0.3403022844		-5.080051552
0.6593406593		0.3393199075		0.3393170855		0.3393170855		-5.080051552
0.6603396603		0.3383345638		0.3383317500		0.3383317500		-5.080051552
0.6613386613		0.3373490847		0.3373462791		0.3373462791		-5.080051552
0.6623376623		0.3363634717		0.3363606743		0.3363606743		-5.080051552
0.6633366633		0.3353777260		0.3353749368		0.3353749368		-5.080051552
0.6643356643		0.3343918491		0.3343890681		0.3343890681		-5.080051552
0.6653346653		0.3334058421		0.3334030693		0.3334030693		-5.080051552
0.6663336663		0.3324197064		0.3324169418		0.3324169418		-5.080051552
0.6673326673		0.3314334433		0.3314306869		0.3314306869		-5.080051552
0.6683316683		0.3304470540		0.3304443058		0.3304443058		-5.080051552
0.6693306693		0.3294605398		0.3294577998		0.3294577998		-5.080051552
0.6703296703		0.3284739020		0.3284711702		0.3284711702		-5.080051552
0.6713286713		0.3274871416		0.3274844180		0.3274844180		-5.080051552
0.6723276723		0.3265002601		0.3264975447		0.3264975447		-5.080051552
0.6733266733		0.3255132586		0.3255105514		0.3255105514		-5.080051552
0.6743256743		0.3245261382		0.3245234392		0.3245234392		-5.080051552
0.6753246753		0.3235389001		0.3235362094		0.3235362094		-5.080051552
0.6763236763		0.3225515456		0.3225488631		0.3225488631		-5.080051552
0.6773226773		0.3215640758		0.3215614015		0.3215614015		-5.080051552
0.6783216783		0.3205764918		0.3205738257		0.3205738257		-5.080051552
0.6793206793		0.3195887948		0.3195861369		0.3195861369		-5.080051552
0.6803196803		0.3186009858		0.3185983361		0.3185983361		-5.080051552
0.6813186813		0.3176130661		0.3176104246		0.3176104246		-5.080051552
0.6823176823		0.3166250366		0.3166224034		0.3166224034		-5.080051552
0.6833166833		0.3156368986		0.3156342735		0.3156342735		-5.080051552
0.6843156843		0.3146486530		0.3146460362		0.3146460362		-5.080051552
0.6853146853		0.3136603009		0.3136576923		0.3136576923		-5.080051552
0.6863136863		0.3126718435		0.3126692431		0.3126692431		-5.080051552
0.6873126873		0.3116832817		0.3116806895		0.3116806895		-5.080051552
0.6883116883		0.3106946166		0.3106920326		0.3106920326		-5.080051553
0.6893106893		0.3097058491		0.3097032734		0.3097032734		-5.080051553
0.6903096903		0.3087169805		0.3087144130		0.3087144130		-5.080051553
0.6913086913		0.3077280115		0.3077254522		0.3077254522		-5.080051553
0.6923076923		0.3067389433		0.3067363922		0.3067363922		-5.080051553
0.6933066933		0.3057497768		0.3057472340		0.3057472340		-5.080051553
0.6943056943		0.3047605130		0.3047579784		0.3047579784		-5.080051553
0.6953046953		0.3037711528		0.3037686264		0.3037686264		-5.080051553
0.6963036963		0.3027816973		0.3027791791		0.3027791791		-5.080051553
0.6973026973		0.3017921473		0.3017896374		0.3017896374		-5.080051553
0.6983016983		0.3008025038		0.3008000022		0.3008000022		-5.080051553
0.6993006993		0.2998127678		0.2998102744		0.2998102744		-5.080051553
0.7002997003		0.2988229401		0.2988204549		0.2988204549		-5.080051553
0.7012987013		0.2978330217		0.2978305447		0.2978305447		-5.080051553
0.7022977023		0.2968430135		0.2968405447		0.2968405447		-5.080051553
0.7032967033		0.2958529163		0.2958504558		0.2958504558		-5.080051553
0.7042957043		0.2948627310		0.2948602788		0.2948602788		-5.080051553
0.7052947053		0.2938724586		0.2938700146		0.2938700146		-5.080051553
0.7062937063		0.2928820999		0.2928796641		0.2928796641		-5.080051553
0.7072927073		0.2918916557		0.2918892281		0.2918892281		-5.080051553
0.7082917083		0.2909011269		0.2908987076		0.2908987076		-5.080051553
0.7092907093		0.2899105143		0.2899081033		0.2899081033		-5.080051554
0.7102897103		0.2889198188		0.2889174160		0.2889174160		-5.080051554
0.7112887113		0.2879290412		0.2879266466		0.2879266466		-5.080051554
0.7122877123		0.2869381824		0.2869357960		0.2869357960		-5.080051554
0.7132867133		0.2859472430		0.2859448649		0.2859448649		-5.080051554
0.7142857143		0.2849562239		0.2849538540		0.2849538540		-5.080051554
0.7152847153		0.2839651260		0.2839627643		0.2839627643		-5.080051554
0.7162837163		0.2829739499		0.2829715965		0.2829715965		-5.080051554
0.7172827173		0.2819826965		0.2819803514		0.2819803514		-5.080051554
0.7182817183		0.2809913666		0.2809890296		0.2809890296		-5.080051554
0.7192807193		0.2799999608		0.2799976321		0.2799976321		-5.080051554
0.7202797203		0.2790084800		0.2790061596		0.2790061596		-5.080051554
0.7212787213		0.2780169249		0.2780146127		0.2780146127		-5.080051554
0.7222777223		0.2770252962		0.2770229923		0.2770229923		-5.080051554
0.7232767233		0.2760335947		0.2760312990		0.2760312990		-5.080051554
0.7242757243		0.2750418211		0.2750395337		0.2750395337		-5.080051554
0.7252747253		0.2740499761		0.2740476969		0.2740476969		-5.080051554
0.7262737263		0.2730580604		0.2730557895		0.2730557895		-5.080051554
0.7272727273		0.2720660748		0.2720638121		0.2720638121		-5.080051554
0.7282717283		0.2710740198		0.2710717654		0.2710717654		-5.080051554
0.7292707293		0.2700818963		0.2700796501		0.2700796501		-5.080051555
0.7302697303		0.2690897048		0.2690874669		0.2690874669		-5.080051555
0.7312687313		0.2680974461		0.2680952165		0.2680952165		-5.080051555
0.7322677323		0.2671051209		0.2671028995		0.2671028995		-5.080051555
0.7332667333		0.2661127297		0.2661105165		0.2661105165		-5.080051555
0.7342657343		0.2651202733		0.2651180684		0.2651180684		-5.080051555
0.7352647353		0.2641277523		0.2641255556		0.2641255556		-5.080051555
0.7362637363		0.2631351673		0.2631329789		0.2631329789		-5.080051555
0.7372627373		0.2621425190		0.2621403388		0.2621403388		-5.080051555
0.7382617383		0.2611498080		0.2611476361		0.2611476361		-5.080051555
0.7392607393		0.2601570349		0.2601548712		0.2601548712		-5.080051555
0.7402597403		0.2591642003		0.2591620450		0.2591620450		-5.080051555
0.7412587413		0.2581713049		0.2581691578		0.2581691578		-5.080051555
0.7422577423		0.2571783493		0.2571762105		0.2571762105		-5.080051555
0.7432567433		0.2561853341		0.2561832034		0.2561832034		-5.080051555
0.7442557443		0.2551922597		0.2551901374		0.2551901374		-5.080051556
0.7452547453		0.2541991270		0.2541970129		0.2541970129		-5.080051556
0.7462537463		0.2532059363		0.2532038305		0.2532038305		-5.080051556
0.7472527473		0.2522126883		0.2522105908		0.2522105908		-5.080051556
0.7482517483		0.2512193836		0.2512172943		0.2512172943		-5.080051556
0.7492507493		0.2502260228		0.2502239417		0.2502239417		-5.080051556
0.7502497502		0.2492326063		0.2492305335		0.2492305335		-5.080051556
0.7512487512		0.2482391347		0.2482370702		0.2482370702		-5.080051556
0.7522477522		0.2472456087		0.2472435524		0.2472435524		-5.080051556
0.7532467532		0.2462520286		0.2462499806		0.2462499806		-5.080051556
0.7542457542		0.2452583952		0.2452563554		0.2452563554		-5.080051556
0.7552447552		0.2442647088		0.2442626773		0.2442626773		-5.080051556
0.7562437562		0.2432709700		0.2432689468		0.2432689468		-5.080051556
0.7572427572		0.2422771794		0.2422751645		0.2422751645		-5.080051556
0.7582417582		0.2412833375		0.2412813308		0.2412813308		-5.080051556
0.7592407592		0.2402894447		0.2402874463		0.2402874463		-5.080051556
0.7602397602		0.2392955016		0.2392935115		0.2392935115		-5.080051556
0.7612387612		0.2383015087		0.2382995268		0.2382995268		-5.080051556
0.7622377622		0.2373074664		0.2373054928		0.2373054928		-5.080051556
0.7632367632		0.2363133753		0.2363114100		0.2363114100		-5.080051556
0.7642357642		0.2353192358		0.2353172788		0.2353172788		-5.080051557
0.7652347652		0.2343250485		0.2343230997		0.2343230997		-5.080051557
0.7662337662		0.2333308138		0.2333288733		0.2333288733		-5.080051557
0.7672327672		0.2323365321		0.2323345999		0.2323345999		-5.080051557
0.7682317682		0.2313422040		0.2313402800		0.2313402800		-5.080051557
0.7692307692		0.2303478299		0.2303459142		0.2303459142		-5.080051557
0.7702297702		0.2293534102		0.2293515028		0.2293515028		-5.080051557
0.7712287712		0.2283589455		0.2283570463		0.2283570463		-5.080051557
0.7722277722		0.2273644361		0.2273625452		0.2273625452		-5.080051557
0.7732267732		0.2263698825		0.2263679999		0.2263679999		-5.080051557
0.7742257742		0.2253752852		0.2253734108		0.2253734108		-5.080051557
0.7752247752		0.2243806445		0.2243787784		0.2243787784		-5.080051557
0.7762237762		0.2233859609		0.2233841031		0.2233841031		-5.080051557
0.7772227772		0.2223912349		0.2223893854		0.2223893854		-5.080051557
0.7782217782		0.2213964669		0.2213946256		0.2213946256		-5.080051557
0.7792207792		0.2204016572		0.2203998242		0.2203998242		-5.080051557
0.7802197802		0.2194068063		0.2194049815		0.2194049815		-5.080051557
0.7812187812		0.2184119145		0.2184100981		0.2184100981		-5.080051557
0.7822177822		0.2174169824		0.2174151743		0.2174151743		-5.080051557
0.7832167832		0.2164220103		0.2164202104		0.2164202104		-5.080051557
0.7842157842		0.2154269986		0.2154252070		0.2154252070		-5.080051557
0.7852147852		0.2144319477		0.2144301644		0.2144301644		-5.080051557
0.7862137862		0.2134368580		0.2134350829		0.2134350829		-5.080051557
0.7872127872		0.2124417299		0.2124399631		0.2124399631		-5.080051557
0.7882117882		0.2114465637		0.2114448052		0.2114448052		-5.080051557
0.7892107892		0.2104513598		0.2104496096		0.2104496096		-5.080051558
0.7902097902		0.2094561187		0.2094543767		0.2094543767		-5.080051558
0.7912087912		0.2084608406		0.2084591069		0.2084591069		-5.080051558
0.7922077922		0.2074655260		0.2074638006		0.2074638006		-5.080051558
0.7932067932		0.2064701752		0.2064684580		0.2064684580		-5.080051558
0.7942057942		0.2054747885		0.2054730796		0.2054730796		-5.080051558
0.7952047952		0.2044793664		0.2044776658		0.2044776658		-5.080051558
0.7962037962		0.2034839091		0.2034822168		0.2034822168		-5.080051558
0.7972027972		0.2024884171		0.2024867331		0.2024867331		-5.080051558
0.7982017982		0.2014928906		0.2014912149		0.2014912149		-5.080051558
0.7992007992		0.2004973301		0.2004956626		0.2004956626		-5.080051558
0.8001998002		0.1995017358		0.1995000766		0.1995000766		-5.080051558
0.8011988012		0.1985061081		0.1985044572		0.1985044572		-5.080051558
0.8021978022		0.1975104473		0.1975088046		0.1975088046		-5.080051558
0.8031968032		0.1965147537		0.1965131194		0.1965131194		-5.080051558
0.8041958042		0.1955190278		0.1955174017		0.1955174017		-5.080051558
0.8051948052		0.1945232697		0.1945216519		0.1945216519		-5.080051558
0.8061938062		0.1935274798		0.1935258703		0.1935258703		-5.080051558
0.8071928072		0.1925316585		0.1925300573		0.1925300573		-5.080051558
0.8081918082		0.1915358060		0.1915342131		0.1915342131		-5.080051558
0.8091908092		0.1905399227		0.1905383380		0.1905383380		-5.080051558
0.8101898102		0.1895440088		0.1895424325		0.1895424325		-5.080051558
0.8111888112		0.1885480647		0.1885464966		0.1885464966		-5.080051558
0.8121878122		0.1875520907		0.1875505309		0.1875505309		-5.080051558
0.8131868132		0.1865560870		0.1865545355		0.1865545355		-5.080051558
0.8141858142		0.1855600540		0.1855585108		0.1855585108		-5.080051558
0.8151848152		0.1845639919		0.1845624570		0.1845624570		-5.080051558
0.8161838162		0.1835679011		0.1835663744		0.1835663744		-5.080051558
0.8171828172		0.1825717818		0.1825702634		0.1825702634		-5.080051558
0.8181818182		0.1815756343		0.1815741242		0.1815741242		-5.080051558
0.8191808192		0.1805794589		0.1805779570		0.1805779570		-5.080051558
0.8201798202		0.1795832558		0.1795817623		0.1795817623		-5.080051558
0.8211788212		0.1785870254		0.1785855401		0.1785855401		-5.080051558
0.8221778222		0.1775907679		0.1775892909		0.1775892909		-5.080051558
0.8231768232		0.1765944835		0.1765930149		0.1765930149		-5.080051558
0.8241758242		0.1755981727		0.1755967123		0.1755967123		-5.080051558
0.8251748252		0.1746018355		0.1746003834		0.1746003834		-5.080051558
0.8261738262		0.1736054723		0.1736040285		0.1736040285		-5.080051558
0.8271728272		0.1726090833		0.1726076478		0.1726076478		-5.080051558
0.8281718282		0.1716126688		0.1716112416		0.1716112416		-5.080051558
0.8291708292		0.1706162291		0.1706148101		0.1706148101		-5.080051558
0.8301698302		0.1696197644		0.1696183537		0.1696183537		-5.080051558
0.8311688312		0.1686232748		0.1686218725		0.1686218725		-5.080051558
0.8321678322		0.1676267608		0.1676253667		0.1676253667		-5.080051558
0.8331668332		0.1666302225		0.1666288367		0.1666288367		-5.080051558
0.8341658342		0.1656336602		0.1656322827		0.1656322827		-5.080051558
0.8351648352		0.1646370741		0.1646357049		0.1646357049		-5.080051558
0.8361638362		0.1636404644		0.1636391035		0.1636391035		-5.080051558
0.8371628372		0.1626438314		0.1626424788		0.1626424788		-5.080051558
0.8381618382		0.1616471754		0.1616458310		0.1616458310		-5.080051558
0.8391608392		0.1606504964		0.1606491603		0.1606491603		-5.080051558
0.8401598402		0.1596537949		0.1596524671		0.1596524671		-5.080051558
0.8411588412		0.1586570709		0.1586557514		0.1586557514		-5.080051558
0.8421578422		0.1576603247		0.1576590135		0.1576590135		-5.080051558
0.8431568432		0.1566635566		0.1566622537		0.1566622537		-5.080051558
0.8441558442		0.1556667667		0.1556654721		0.1556654721		-5.080051558
0.8451548452		0.1546699554		0.1546686690		0.1546686690		-5.080051558
0.8461538462		0.1536731227		0.1536718446		0.1536718446		-5.080051558
0.8471528472		0.1526762688		0.1526749991		0.1526749991		-5.080051558
0.8481518482		0.1516793941		0.1516781327		0.1516781327		-5.080051558
0.8491508492		0.1506824988		0.1506812456		0.1506812456		-5.080051558
0.8501498501		0.1496855829		0.1496843380		0.1496843380		-5.080051558
0.8511488511		0.1486886468		0.1486874102		0.1486874102		-5.080051558
0.8521478521		0.1476916905		0.1476904622		0.1476904622		-5.080051558
0.8531468531		0.1466947144		0.1466934944		0.1466934944		-5.080051558
0.8541458541		0.1456977187		0.1456965070		0.1456965070		-5.080051558
0.8551448551		0.1447007034		0.1446995000		0.1446995000		-5.080051558
0.8561438561		0.1437036689		0.1437024738		0.1437024738		-5.080051558
0.8571428571		0.1427066153		0.1427054284		0.1427054284		-5.080051558
0.8581418581		0.1417095427		0.1417083642		0.1417083642		-5.080051558
0.8591408591		0.1407124515		0.1407112812		0.1407112812		-5.080051558
0.8601398601		0.1397153417		0.1397141797		0.1397141797		-5.080051558
0.8611388611		0.1387182135		0.1387170599		0.1387170599		-5.080051558
0.8621378621		0.1377210672		0.1377199218		0.1377199218		-5.080051558
0.8631368631		0.1367239029		0.1367227658		0.1367227658		-5.080051558
0.8641358641		0.1357267208		0.1357255920		0.1357255920		-5.080051558
0.8651348651		0.1347295211		0.1347284006		0.1347284006		-5.080051558
0.8661338661		0.1337323039		0.1337311917		0.1337311917		-5.080051558
0.8671328671		0.1327350695		0.1327339656		0.1327339656		-5.080051558
0.8681318681		0.1317378179		0.1317367223		0.1317367223		-5.080051558
0.8691308691		0.1307405494		0.1307394621		0.1307394621		-5.080051558
0.8701298701		0.1297432641		0.1297421851		0.1297421851		-5.080051558
0.8711288711		0.1287459622		0.1287448915		0.1287448915		-5.080051558
0.8721278721		0.1277486439		0.1277475814		0.1277475814		-5.080051558
0.8731268731		0.1267513093		0.1267502551		0.1267502551		-5.080051558
0.8741258741		0.1257539586		0.1257529127		0.1257529127		-5.080051558
0.8751248751		0.1247565919		0.1247555544		0.1247555544		-5.080051558
0.8761238761		0.1237592095		0.1237581802		0.1237581802		-5.080051558
0.8771228771		0.1227618114		0.1227607904		0.1227607904		-5.080051558
0.8781218781		0.1217643978		0.1217633851		0.1217633851		-5.080051558
0.8791208791		0.1207669689		0.1207659645		0.1207659645		-5.080051558
0.8801198801		0.1197695248		0.1197685287		0.1197685287		-5.080051558
0.8811188811		0.1187720657		0.1187710779		0.1187710779		-5.080051558
0.8821178821		0.1177745917		0.1177736122		0.1177736122		-5.080051558
0.8831168831		0.1167771030		0.1167761318		0.1167761318		-5.080051558
0.8841158841		0.1157795997		0.1157786368		0.1157786368		-5.080051559
0.8851148851		0.1147820819		0.1147811273		0.1147811273		-5.080051559
0.8861138861		0.1137845499		0.1137836036		0.1137836036		-5.080051558
0.8871128871		0.1127870037		0.1127860657		0.1127860657		-5.080051559
0.8881118881		0.1117894435		0.1117885138		0.1117885138		-5.080051559
0.8891108891		0.1107918695		0.1107909481		0.1107909481		-5.080051559
0.8901098901		0.1097942817		0.1097933686		0.1097933686		-5.080051559
0.8911088911		0.1087966803		0.1087957755		0.1087957755		-5.080051559
0.8921078921		0.1077990654		0.1077981689		0.1077981689		-5.080051559
0.8931068931		0.1068014373		0.1068005490		0.1068005490		-5.080051559
0.8941058941		0.1058037959		0.1058029160		0.1058029160		-5.080051559
0.8951048951		0.1048061415		0.1048052698		0.1048052698		-5.080051559
0.8961038961		0.1038084741		0.1038076107		0.1038076107		-5.080051559
0.8971028971		0.1028107939		0.1028099389		0.1028099389		-5.080051559
0.8981018981		0.1018131010		0.1018122543		0.1018122543		-5.080051559
0.8991008991		0.1008153956		0.1008145572		0.1008145572		-5.080051559
0.9000999001		0.09981767779		0.09981684764		0.09981684764		-5.080051559
0.9010989011		0.09881994765		0.09881912580		0.09881912580		-5.080051559
0.9020979021		0.09782220533		0.09782139177		0.09782139177		-5.080051559
0.9030969031		0.09682445094		0.09682364569		0.09682364569		-5.080051559
0.9040959041		0.09582668462		0.09582588766		0.09582588766		-5.080051559
0.9050949051		0.09482890647		0.09482811781		0.09482811781		-5.080051559
0.9060939061		0.09383111662		0.09383033626		0.09383033626		-5.080051559
0.9070929071		0.09283331518		0.09283254312		0.09283254312		-5.080051559
0.9080919081		0.09183550226		0.09183473850		0.09183473850		-5.080051559
0.9090909091		0.09083767799		0.09083692253		0.09083692253		-5.080051559
0.9100899101		0.08983984247		0.08983909531		0.08983909531		-5.080051559
0.9110889111		0.08884199582		0.08884125695		0.08884125695		-5.080051559
0.9120879121		0.08784413814		0.08784340757		0.08784340757		-5.080051559
0.9130869131		0.08684626955		0.08684554728		0.08684554728		-5.080051559
0.9140859141		0.08584839016		0.08584767619		0.08584767619		-5.080051559
0.9150849151		0.08485050006		0.08484979439		0.08484979439		-5.080051559
0.9160839161		0.08385259938		0.08385190200		0.08385190200		-5.080051559
0.9170829171		0.08285468820		0.08285399913		0.08285399913		-5.080051559
0.9180819181		0.08185676665		0.08185608587		0.08185608587		-5.080051559
0.9190809191		0.08085883481		0.08085816234		0.08085816234		-5.080051559
0.9200799201		0.07986089280		0.07986022863		0.07986022863		-5.080051559
0.9210789211		0.07886294071		0.07886228484		0.07886228484		-5.080051559
0.9220779221		0.07786497865		0.07786433107		0.07786433107		-5.080051559
0.9230769231		0.07686700671		0.07686636743		0.07686636743		-5.080051559
0.9240759241		0.07586902499		0.07586839402		0.07586839402		-5.080051559
0.9250749251		0.07487103359		0.07487041092		0.07487041092		-5.080051559
0.9260739261		0.07387303261		0.07387241823		0.07387241823		-5.080051559
0.9270729271		0.07287502214		0.07287441606		0.07287441606		-5.080051559
0.9280719281		0.07187700227		0.07187640449		0.07187640449		-5.080051559
0.9290709291		0.07087897310		0.07087838362		0.07087838362		-5.080051559
0.9300699301		0.06988093472		0.06988035354		0.06988035354		-5.080051559
0.9310689311		0.06888288722		0.06888231435		0.06888231435		-5.080051559
0.9320679321		0.06788483070		0.06788426612		0.06788426612		-5.080051559
0.9330669331		0.06688676523		0.06688620896		0.06688620896		-5.080051559
0.9340659341		0.06588869092		0.06588814295		0.06588814295		-5.080051559
0.9350649351		0.06489060785		0.06489006818		0.06489006818		-5.080051559
0.9360639361		0.06389251611		0.06389198473		0.06389198473		-5.080051559
0.9370629371		0.06289441577		0.06289389270		0.06289389270		-5.080051559
0.9380619381		0.06189630694		0.06189579217		0.06189579217		-5.080051559
0.9390609391		0.06089818969		0.06089768322		0.06089768322		-5.080051559
0.9400599401		0.05990006410		0.05989956593		0.05989956593		-5.080051559
0.9410589411		0.05890193026		0.05890144040		0.05890144040		-5.080051559
0.9420579421		0.05790378826		0.05790330669		0.05790330669		-5.080051559
0.9430569431		0.05690563816		0.05690516490		0.05690516490		-5.080051559
0.9440559441		0.05590748006		0.05590701510		0.05590701510		-5.080051559
0.9450549451		0.05490931403		0.05490885737		0.05490885737		-5.080051559
0.9460539461		0.05391114015		0.05391069179		0.05391069179		-5.080051559
0.9470529471		0.05291295850		0.05291251845		0.05291251845		-5.080051559
0.9480519481		0.05191476916		0.05191433741		0.05191433741		-5.080051559
0.9490509491		0.05091657220		0.05091614875		0.05091614875		-5.080051559
0.9500499500		0.04991836770		0.04991795255		0.04991795255		-5.080051559
0.9510489510		0.04892015573		0.04891974888		0.04891974888		-5.080051559
0.9520479520		0.04792193637		0.04792153782		0.04792153782		-5.080051559
0.9530469530		0.04692370969		0.04692331944		0.04692331944		-5.080051559
0.9540459540		0.04592547577		0.04592509382		0.04592509382		-5.080051559
0.9550449550		0.04492723467		0.04492686102		0.04492686102		-5.080051559
0.9560439560		0.04392898646		0.04392862112		0.04392862112		-5.080051559
0.9570429570		0.04293073123		0.04293037419		0.04293037419		-5.080051559
0.9580419580		0.04193246903		0.04193212030		0.04193212030		-5.080051559
0.9590409590		0.04093419994		0.04093385951		0.04093385951		-5.080051559
0.9600399600		0.03993592403		0.03993559190		0.03993559190		-5.080051559
0.9610389610		0.03893764136		0.03893731753		0.03893731753		-5.080051559
0.9620379620		0.03793935200		0.03793903647		0.03793903647		-5.080051559
0.9630369630		0.03694105601		0.03694074879		0.03694074879		-5.080051559
0.9640359640		0.03594275347		0.03594245455		0.03594245455		-5.080051559
0.9650349650		0.03494444444		0.03494415382		0.03494415382		-5.080051559
0.9660339660		0.03394612898		0.03394584666		0.03394584666		-5.080051559
0.9670329670		0.03294780716		0.03294753314		0.03294753314		-5.080051559
0.9680319680		0.03194947903		0.03194921332		0.03194921332		-5.080051559
0.9690309690		0.03095114467		0.03095088726		0.03095088726		-5.080051559
0.9700299700		0.02995280413		0.02995255502		0.02995255502		-5.080051559
0.9710289710		0.02895445748		0.02895421668		0.02895421668		-5.080051559
0.9720279720		0.02795610477		0.02795587227		0.02795587227		-5.080051559
0.9730269730		0.02695774607		0.02695752188		0.02695752188		-5.080051559
0.9740259740		0.02595938144		0.02595916555		0.02595916555		-5.080051559
0.9750249750		0.02496101093		0.02496080334		0.02496080334		-5.080051559
0.9760239760		0.02396263461		0.02396243532		0.02396243532		-5.080051559
0.9770229770		0.02296425253		0.02296406154		0.02296406154		-5.080051559
0.9780219780		0.02196586474		0.02196568206		0.02196568206		-5.080051559
0.9790209790		0.02096747131		0.02096729694		0.02096729694		-5.080051559
0.9800199800		0.01996907230		0.01996890622		0.01996890622		-5.080051559
0.9810189810		0.01897066775		0.01897050997		0.01897050997		-5.080051559
0.9820179820		0.01797225772		0.01797210825		0.01797210825		-5.080051559
0.9830169830		0.01697384227		0.01697370110		0.01697370110		-5.080051559
0.9840159840		0.01597542144		0.01597528858		0.01597528858		-5.080051559
0.9850149850		0.01497699531		0.01497687075		0.01497687075		-5.080051559
0.9860139860		0.01397856391		0.01397844765		0.01397844765		-5.080051559
0.9870129870		0.01298012729		0.01298001934		0.01298001934		-5.080051559
0.9880119880		0.01198168552		0.01198158587		0.01198158587		-5.080051559
0.9890109890		0.01098323864		0.01098314730		0.01098314730		-5.080051559
0.9900099900		0.009984786704		0.009984703664		0.009984703664		-5.080051559
0.9910089910		0.008986329760		0.008986255024		0.008986255024		-5.080051559
0.9920079920		0.007987867859		0.007987801426		0.007987801426		-5.080051560
0.9930069930		0.006989401050		0.006989342921		0.006989342921		-5.080051559
0.9940059940		0.005990929381		0.005990879557		0.005990879557		-5.080051559
0.9950049950		0.004992452902		0.004992411381		0.004992411381		-5.080051558
0.9960039960		0.003993971660		0.003993938443		0.003993938443		-5.080051559
0.9970029970		0.002995485702		0.002995460789		0.002995460789		-5.080051558
0.9980019980		0.001996995075		0.001996978467		0.001996978467		-5.080051559
0.9990009990		0.0009984998256		0.0009984915215		0.0009984915215		-5.080051562
